trade_company_carribean = {
	color = { 255 30 200 }
	provinces = {
		927 928 2534 926 2535 2536 484 485 2656 486 2654 2655 488 489 490 2658 2659 487 481 491 
        492 482 483 493 494 495 496 1881 497 498 499 500 501 830 2807 2813 741 831 2808 834 2805 
        2809 2810 2939 1516 4626 4625 4624 4622 4623 4619 4618 4620 4621 4616 4615 4612 4613 4609 
        4611 4614 4610 1240 4934 4935 4936 1994 1235 1996 1995 1993 1991 1992 1990 1236 1238 1239 
        4938 1242 4937 
	}
	names = {
		name = "TRADE_COMPANY_CARRIBEAN_Root_Culture_GetName"
	}
	names = {
		name = "TRADE_COMPANY_CARRIBEAN_Trade_Company"
	}
}

trade_company_australia = {
	color = { 126 20 20 }
	provinces = {
		1085 1086 1087 1088 1089 1090 1091 1092 1093 1790 1791 1094 1084 1412 2726 2727 2728 2729 
		2730 2731 2732 2733 2734 2735 2736 1411 4846 4847 4848 4849 4850 4851 4852 4853 4854 4855 
		4856 4857 4858 4859 4860 4861 4862 4863 4864 4865 4866 4867 4868 4869 1106 2739 1107 1108 
		2737 4939 2738 1109 1246 1986  
	}
	names = {
		name = "TRADE_COMPANY_AUSTRALIA_Root_Culture_GetName"
	}
	names = {
		name = "TRADE_COMPANY_AUSTRALIA_Trade_Company"
	}
}